2 18 0.035 0.26  2  10  1.28 0.21 1.65 0.79
2 18 0.035 0.775  2  10  1.33 0.19 1.78 0.77
2 18 0.035 0.26  2  7  1.28 0.05 1.69 0.9
2 18 0.035 0.775  2  7  1.36 0.03 1.83 0.87
2 18 0.035 0.26  2  5  1.37 0.13 1.7 0.87
2 18 0.035 0.775  2  5  1.42 0.11 1.86 0.83
2 18 0.07 0.26  2  10  1.29 0.18 1.76 0.74
2 18 0.07 0.775  2  10  1.38 0.16 1.96 0.73
2 18 0.07 0.26  2  7  1.22 0.03 1.7 0.86
2 18 0.07 0.775  2  7  1.35 0.0 1.95 0.84
2 18 0.07 0.26  2  5  NaN NaN NaN NaN
2 18 0.07 0.775  2  5  1.43 0.08 2.04 0.83
2 18 0.10 0.26  2  10  1.18 0.17 1.68 0.64
2 18 0.10 0.775  2  10  1.4 0.25 1.96 0.64
2 18 0.10 0.26  2  7  1.15 0.02 1.67 0.75
2 18 0.10 0.775  2  7  1.42 0.12 1.97 0.73
2 18 0.10 0.26  2  5  1.41 0.2 1.79 0.71
2 18 0.10 0.775  2  5  1.58 0.2 2.05 0.73
2 18 0.25 0.26  2  10  0.52 0.09 0.84 0.21
2 18 0.25 0.775  2  10  0.61 0.08 1.0 0.22
2 18 0.25 0.26  2  7  NaN NaN NaN NaN
2 18 0.25 0.775  2  7  0.56 -0.04 1.04 0.25
2 18 0.25 0.26  2  5  0.51 0.01 0.9 0.23
2 18 0.25 0.775  2  5  0.64 0.01 1.08 0.25
