2 18 0.035 0.26  2  10  1.07 0.39 1.02 0.5
2 18 0.035 0.775  2  10  1.11 0.35 1.11 0.51
2 18 0.035 0.26  2  7  0.98 0.26 0.99 0.49
2 18 0.035 0.775  2  7  1.05 0.22 1.13 0.54
2 18 0.035 0.26  2  5  1.0 0.31 0.93 0.46
2 18 0.035 0.775  2  5  1.08 0.28 1.08 0.49
2 18 0.07 0.26  2  10  0.85 0.34 0.78 0.38
2 18 0.07 0.775  2  10  0.89 0.31 0.9 0.39
2 18 0.07 0.26  2  7  0.81 0.22 0.81 0.39
2 18 0.07 0.775  2  7  0.87 0.18 0.94 0.42
2 18 0.07 0.26  2  5  NaN NaN NaN NaN
2 18 0.07 0.775  2  5  0.92 0.24 0.92 0.39
2 18 0.10 0.26  2  10  0.72 0.29 0.7 0.27
2 18 0.10 0.775  2  10  3.82 3.06 0.23 2.78
2 18 0.10 0.26  2  7  0.66 0.17 0.71 0.3
2 18 0.10 0.775  2  7  4.5 3.85 0.19 2.36
2 18 0.10 0.26  2  5  5.01 3.89 0.38 4.27
2 18 0.10 0.775  2  5  4.72 4.13 0.15 2.11
2 18 0.25 0.26  2  10  1.91 0.79 0.28 2.23
2 18 0.25 0.775  2  10  1.71 0.77 0.33 1.93
2 18 0.25 0.26  2  7  NaN NaN NaN NaN
