S Tp Fric WLEV HR RES  2%   Set  Hss  Hig Overwash
5 18 0.01 0.26  2  10  2.48 0.67 2.4 2.0  1
5 18 0.01 0.775  2  10  2.4 0.65 2.34 1.96  1
5 18 0.01 0.26  2  7  2.42 0.5 2.29 2.22  1
5 18 0.01 0.775  2  7  2.35 0.44 2.42 2.05  1
5 18 0.01 0.26  2  5  2.56 0.64 2.37 2.08  1
5 18 0.01 0.775  2  5  2.51 0.61 2.48 2.06  1
5 18 0.035 0.26  2  10  2.49 0.86 2.36 1.55  1
5 18 0.035 0.775  2  10  2.56 0.82 2.54 1.55  1
5 18 0.035 0.775  2  5  2.72 0.8 2.52 1.65  1
5 18 0.07 0.26  2  10  2.35 0.8 2.39 1.35  1
5 18 0.07 0.775  2  10  2.43 0.75 2.65 1.34  1
5 18 0.07 0.26  2  7  2.32 0.63 2.3 1.49  1
5 18 0.07 0.775  2  7  2.42 0.57 2.6 1.52  1
5 18 0.07 0.26  2  5  2.52 0.76 2.43 1.46  1
5 18 0.07 0.775  2  5  2.63 0.71 2.74 1.46  1
5 18 0.10 0.26  2  10  2.13 0.73 2.25 1.17  1
5 18 0.10 0.775  2  10  2.28 0.69 2.51 1.18  1
5 18 0.10 0.26  2  7  2.12 0.55 2.21 1.3  1
5 18 0.10 0.775  2  7  2.2 0.5 2.51 1.34  1
5 18 0.10 0.26  2  5  2.24 0.67 2.32 1.28  1
5 18 0.10 0.775  2  5  2.38 0.61 2.64 1.3  1
5 18 0.25 0.775  2  7  0.72 0.02 1.22 0.42  0
5 18 0.25 0.775  2  5  0.86 0.11 1.28 0.42  0
3 12 0.01 0.26  2  10  0.91 0.1 1.24 0.77  0
3 12 0.01 0.26  2  7  1.01 0.15 1.32 0.72  0
3 12 0.035 0.26  2  10  0.93 0.24 1.11 0.57  0
3 12 0.035 0.775  2  10  0.98 0.24 1.3 0.55  0
3 12 0.035 0.26  2  7  1.0 0.16 1.33 0.67  0
3 12 0.035 0.775  2  7  1.04 0.14 1.46 0.67  0
3 12 0.035 0.26  2  5   0.96 0.09 1.36 0.71   0
5 15 0.09 0.0  2  10  1.8 0.72 1.64 0.99  0
2 17 0.25 0.6  2  9  0.58 0.11 0.93 0.18  0
7 16 0.13 0.5  2  8  2.47 1.13 2.24 1.05  1
3 14 0.14 0.4  2  9  1.03 0.3 1.24 0.52  0
5 15 0.05 0.1  2  8  2.14 0.85 1.91 1.27  1
3 11 0.17 0.1  2  8  0.62 0.16 0.86 0.25  0
4 11 0.14 0.2  2  8  0.79 0.21 1.06 0.38  0
2 13 0.04 0.7  2  5  1.0 0.12 1.53 0.5  0
7 17 0.10 0.2  2  9  2.8 1.39 2.29 1.36  1
6 16 0.17 0.4  2  7  1.72 0.73 1.71 0.73  0
7 14 0.10 0.1  2  10  2.01 0.92 1.71 1.16  1
6 9 0.15 0.5  2  7  0.68 0.14 1.01 0.19  0
3 15 0.25 0.5  2  6  0.64 0.16 0.89 0.21  0
3 17 0.07 0.7  2  6  1.69 0.44 2.05 0.91  0
1 17 0.13 0.6  2  9  0.76 0.12 1.19 0.24  0
7 9 0.14 0.6  2  9  0.71 0.17 1.06 0.22  0
4 16 0.11 0.5  2  9  1.7 0.6 1.85 0.84  0
7 10 0.07 0.0  2  10  0.9 0.24 1.18 0.54  0
2 10 0.14 0.6  2  9  0.46 0.1 0.7 0.12  0
3 12 0.14 0.5  2  10  0.75 0.16 1.05 0.38  0
5 12 0.22 0.3  2  9  0.77 0.29 0.86 0.29  0
2 13 0.11 0.4  2  6  0.84 0.14 1.21 0.4  0
6 12 0.05 0.4  2  8  1.71 0.56 1.77 0.97  0
5 11 0.10 0.5  2  9  1.02 0.31 1.24 0.56  0
2 11 0.10 0.4  2  5  0.78 0.2 1.04 0.27  0
5 13 0.03 0.2  2  7  1.83 0.61 1.84 1.11  0
7 9 0.15 0.0  2  10  0.53 0.15 0.81 0.2  0
3 14 0.18 0.5  2  7  0.88 0.2 1.13 0.4  0
1 15 0.14 0.4  2  10  0.56 0.1 0.85 0.2  0
3 9 0.10 0.4  2  7  0.59 0.16 0.78 0.14  0
2 9 0.10 0.2  2  9  0.41 0.14 0.53 0.1  0
5 11 0.10 0.2  2  9  0.98 0.32 1.15 0.56  0
1 13 0.08 0.0  2  6  0.56 0.05 0.92 0.23  0
3 14 0.14 0.2  2  10  0.91 0.25 1.1 0.51  0
7 9 0.22 0.4  2  8  0.51 0.11 0.79 0.13  0
7 12 0.12 0.1  2  5  1.59 0.67 1.45 0.81  0
2 11 0.22 0.1  2  8  0.39 0.09 0.6 0.12  0
5 16 0.16 0.4  2  10  1.57 0.68 1.6 0.67  0
1 11 0.12 0.2  2  10  0.37 0.09 0.55 0.12  0
1 12 0.08 0.4  2  10  0.44 0.03 0.78 0.17  0
6 14 0.03 0.2  2  8  2.32 0.96 1.94 1.43  1
1 10 0.20 0.0  2  10  0.19 0.04 0.32 0.05  0
1 13 0.11 0.5  2  6  0.66 0.14 0.91 0.2  0
5 12 0.05 0.7  2  7  1.54 0.42 1.8 0.92  0
1 14 0.09 0.1  2  9  0.55 0.07 0.85 0.25  0
2 13 0.05 0.3  2  7  0.94 0.14 1.4 0.52  0
2 13 0.09 0.1  2  9  0.8 0.17 1.1 0.43  0
5 14 0.19 0.0  2  5  1.09 0.42 1.08 0.49  0
4 12 0.14 0.2  2  8  1.0 0.29 1.18 0.5  0
5 10 0.11 0.4  2  7  0.94 0.25 1.25 0.36  0
2 10 0.13 0.5  2  5  0.53 0.12 0.78 0.13  0
3 13 0.17 0.5  2  8  0.86 0.2 1.15 0.36  0
3 14 0.23 0.3  2  6  0.65 0.18 0.85 0.25  0
7 13 0.14 0.5  2  10  1.52 0.63 1.47 0.75  0
7 18 0.25 0.7  2  10  1.4 0.67 1.36 0.48  0
7 15 0.12 0.6  2  9  2.39 1.09 2.15 1.11  1
6 15 0.24 0.7  2  7  1.06 0.4 1.19 0.37  0
3 11 0.08 0.4  2  8  0.83 0.15 1.2 0.42  0
6 18 0.24 0.7  2  10  1.32 0.58 1.38 0.46  0
5 14 0.06 0.6  2  9  1.85 0.7 1.82 1.12  0
4 16 0.12 0.6  2  6  1.7 0.55 1.92 0.82  0
2 15 0.13 0.1  2  10  0.77 0.16 1.07 0.39  0
5 16 0.20 0.6  2  5  1.26 0.44 1.46 0.52  0
4 18 0.14 0.6  2  6  1.78 0.56 2.03 0.79  0
6 13 0.06 0.6  2  8  1.97 0.72 1.97 1.08  0
5 11 0.21 0.4  2  8  0.69 0.21 0.9 0.26  0
4 13 0.10 0.4  2  5  1.36 0.37 1.54 0.76  0
6 13 0.06 0.7  2  9  1.9 0.73 1.84 1.06  0
2 16 0.06 0.5  2  6  1.17 0.23 1.55 0.63  0
4 9 0.07 0.2  2  10  0.71 0.28 0.81 0.23  0
1 12 0.22 0.3  2  8  0.36 0.05 0.57 0.09  0
5 16 0.24 0.7  2  9  1.03 0.41 1.18 0.37  0
2 12 0.16 0.4  2  5  0.7 0.13 0.98 0.26  0
3 11 0.20 0.4  2  5  0.59 0.13 0.85 0.2  0
3 11 0.13 0.1  2  10  0.56 0.13 0.84 0.3  0
5 14 0.13 0.0  2  9  1.51 0.64 1.37 0.78  0
5 16 0.20 0.6  2  7  1.25 0.44 1.44 0.52  0
1 12 0.23 0.6  2  5  0.37 0.05 0.59 0.08  0
1 11 0.20 0.6  2  7  0.33 0.05 0.53 0.08  0
3 15 0.08 0.7  2  10  1.27 0.3 1.61 0.73  0
4 9 0.23 0.3  2  7  0.36 0.06 0.6 0.08  0
3 15 0.07 0.6  2  10  1.28 0.31 1.55 0.77  0
3 12 0.20 0.0  2  5  0.59 0.13 0.82 0.24  0
3 16 0.14 0.5  2  6  1.25 0.33 1.59 0.58  0
6 17 0.25 0.2  2  6  1.07 0.46 1.11 0.39  0
2 14 0.22 0.6  2  8  0.6 0.13 0.86 0.21  0
5 15 0.15 0.2  2  10  1.38 0.55 1.41 0.66  0
4 16 0.24 0.2  2  10  0.71 0.26 0.88 0.28  0
4 14 0.00 0.0  2  10  1.48 0.55 1.24 1.48  0
5 9 0.09 0.7  2  10  0.68 0.18 0.97 0.2  0
7 10 0.12 0.2  2  6  1.07 0.34 1.29 0.43  0
1 14 0.23 0.2  2  7  0.37 0.06 0.58 0.11  0
2 9 0.25 0.1  2  7  0.22 0.03 0.39 0.04  0
3 9 0.14 0.3  2  10  0.38 0.08 0.61 0.11  0
4 16 0.24 0.7  2  5  0.84 0.22 1.14 0.32  0
7 12 0.05 0.3  2  9  1.88 0.72 1.74 1.1  0
1 13 0.12 0.6  2  7  0.63 0.13 0.9 0.18  0
2 13 0.04 0.0  2  8  0.88 0.16 1.24 0.51  0
3 15 0.16 0.0  2  10  0.86 0.26 1.05 0.42  0
3 14 0.19 0.5  2  7  0.83 0.18 1.08 0.36  0
6 9 0.11 0.6  2  9  0.74 0.19 1.08 0.22  0
6 10 0.17 0.5  2  9  0.72 0.22 1.01 0.26  0
5 17 0.22 0.4  2  7  1.12 0.39 1.31 0.45  0
2 10 0.12 0.2  2  5  0.54 0.13 0.78 0.14  0
6 14 0.14 0.6  2  6  1.85 0.74 1.78 0.85  0
4 13 0.18 0.7  2  8  1.02 0.29 1.27 0.41  0
7 12 0.15 0.1  2  10  1.18 0.5 1.09 0.6  0
6 16 0.13 0.6  2  7  2.21 0.91 2.15 0.98  1
2 14 0.14 0.6  2  5  0.91 0.18 1.22 0.39  0
1 14 0.08 0.7  2  5  0.83 0.23 1.02 0.25  0
7 12 0.07 0.0  2  5  1.82 0.73 1.59 1.05  0
1 10 0.22 0.1  2  5  0.23 0.04 0.37 0.05  0
1 18 0.10 0.6  2  5  0.98 0.15 1.43 0.33  0
3 14 0.12 0.2  2  5  1.12 0.27 1.32 0.64  0
5 9 0.11 0.7  2  8  0.73 0.17 1.06 0.2  0
7 14 0.18 0.5  2  7  1.64 0.7 1.51 0.7  0
3 16 0.14 0.7  2  8  1.27 0.32 1.65 0.59  0
7 13 0.12 0.4  2  6  1.93 0.83 1.76 0.87  0
3.25 15 0.14 0.87  2  7  1.26 0.29 1.64 0.58  0
4.25 10 0.10 0.27  2  6  0.9 0.26 1.19 0.32  0
3.00 11 0.17 0.72  2  9  0.65 0.16 0.94 0.24  0
2.00 13 0.06 0.12  2  6  0.91 0.16 1.3 0.49  0
2.50 12 0.15 0.12  2  6  0.73 0.15 1.01 0.32  0
6.25 18 0.08 0.72  2  9  3.04 1.37 2.66 1.51  1
6.25 13 0.04 -0.03  2  5  2.12 0.83 1.93 1.26  1
6.50 16 0.09 0.57  2  9  2.63 1.19 2.34 1.28  1
6.00 13 0.22 0.72  2  9  1.07 0.43 1.13 0.38  0
2.00 15 0.11 0.72  2  5  1.04 0.15 1.46 0.48  0
5.25 11 0.01 -0.18  2  5  1.13 0.26 1.09 1.2  0
6.00 10 0.10 0.72  2  9  1.04 0.31 1.35 0.42  0
3.75 13 0.21 -0.33  2  10  0.58 0.23 0.62 0.27  0
5.25 11 0.23 0.12  2  10  0.49 0.18 0.63 0.2  0
4.75 11 0.21 -0.03  2  6  0.62 0.2 0.78 0.24  0
3.75 12 0.09 0.42  2  5  1.16 0.27 1.42 0.68  0
5.25 12 0.17 -0.03  2  8  0.99 0.38 1.05 0.46  0
4.00 11 0.12 -0.03  2  9  0.77 0.24 0.97 0.42  0
3.00 17 0.24 0.72  2  8  0.8 0.18 1.16 0.27  0
6.00 10 0.12 0.72  2  5  1.05 0.27 1.4 0.41  0
3.75 12 0.04 0.12  2  6  1.23 0.32 1.45 0.76  0
6.00 10 0.08 0.57  2  7  1.22 0.38 1.51 0.44  0
3.50 17 0.25 0.57  2  9  0.79 0.24 1.06 0.28  0
1.50 13 0.04 -0.03  2  6  0.76 0.11 1.18 0.4  0
1.75 12 0.08 -0.33  2  7  0.65 0.11 0.96 0.36  0
1.00 15 0.18 0.87  2  7  0.57 0.08 0.88 0.15  0
1.00 15 0.09 -0.03  2  8  0.62 0.07 0.94 0.27  0
0.00 16 0.04 0.72  2  10  0.0 0.0 0.0 0.0  0
6.50 14 0.23 -0.18  2  10  0.9 0.45 0.76 0.36  0
2.50 13 0.03 0.12  2  10  0.94 0.19 1.19 0.7  0
2.75 13 0.20 0.12  2  7  0.63 0.14 0.87 0.26  0
4.50 12 0.21 0.27  2  10  0.67 0.22 0.81 0.28  0
2.25 10 0.23 0.42  2  10  0.28 0.05 0.49 0.07  0
5.50 15 0.17 -0.03  2  6  1.45 0.64 1.37 0.59  0
1.50 9 0.24 -0.33  2  8  0.18 0.03 0.3 0.04  0
1.00 17 0.10 0.87  2  9  0.88 0.15 1.32 0.28  0
4.25 11 0.20 0.72  2  8  0.73 0.19 0.99 0.26  0
3.00 17 0.17 0.87  2  8  1.24 0.28 1.67 0.49  0
1.00 15 0.25 0.42  2  10  0.33 0.05 0.56 0.09  0
1.00 10 0.09 0.57  2  9  0.4 0.16 0.47 0.11  0
4.75 11 0.20 -0.18  2  5  0.6 0.19 0.77 0.25  0
4.00 14 0.01 0.12  2  10  1.5 0.49 1.24 1.3  0
4.25 15 0.08 -0.03  2  5  1.71 0.63 1.65 0.97  0
6.50 13 0.17 0.12  2  5  1.39 0.58 1.31 0.6  0
3.75 13 0.16 0.72  2  7  1.05 0.25 1.36 0.48  0
5 11 .035 0.15  2  8  1.16 0.32 1.32 0.75  0
0 15 .035 0.90  2  8  0.0 0.0 0.0 0.0  0
2 13 .035 0.65  2  10  0.82 0.13 1.2 0.43  0
0 18 .035 0.40  2  10  0.0 0.0 0.0 0.0  0
6 12 .035 -0.10  2  8  1.66 0.6 1.53 1.07  0
0 15 .035 -0.10  2  7  0.0 0.0 0.0 0.0  0
0 9 .035 0.40  2  8  0.0 0.0 0.0 0.0  0
1 12 .035 -0.35  2  9  0.42 0.05 0.71 0.24  0
0 15 .035 -0.35  2  10  0.0 0.0 0.0 0.0  0
4 11 .035 0.65  2  9  0.99 0.23 1.3 0.53  0
3 12 0.01 0.26  2  10  0.99 0.23 1.3 0.53  0
6 13 0.035 -0.35  2  10  1.57 0.67 1.24 1.06  0
5 11 0.035 -0.10  2  7  1.17 0.33 1.3 0.79  0
6 13 0.035 0.15  2  10  1.76 0.65 1.57 1.13  0
3 15 0.035 -0.35  2  9  1.39 0.44 1.46 0.94  0
2 12 0.035 0.15  2  7  0.78 0.11 1.15 0.47  0
7 11 0.035 0.65  2  7  1.52 0.44 1.76 0.9  0
4 14 0.035 0.15  2  7  1.66 0.51 1.72 1.12  0
6 15 0.035 -0.10  2  9  2.43 1.1 1.98 1.4  1
1 13 0.035 0.90  2  7  0.63 0.03 1.03 0.23  0
1 15 0.035 -0.10  2  9  0.62 0.09 0.92 0.32  0
6 14 0.035 0.65  2  10  2.34 0.93 2.03 1.47  1
2 14 0.035 -0.10  2  7  0.98 0.18 1.24 0.66  0
6 10 0.035 -0.35  2  9  0.88 0.26 0.98 0.56  0
3 12 0.035 -0.10  2  9  0.93 0.25 1.05 0.66  0
5 11 0.035 -0.35  2  7  1.17 0.34 1.24 0.84  0
1 14 0.035 0.15  2  7  0.63 0.06 0.99 0.32  0
3 14 0.035 0.65  2  8  1.27 0.31 1.56 0.83  0
2 15 0.035 0.40  2  9  1.02 0.24 1.28 0.59  0
3 17 0.035 0.90  2  7  1.66 0.45 1.81 1.01  0
7 10 0.035 -0.35  2  8  1.03 0.32 1.12 0.68  0
6 10 0.035 -0.35  2  8  0.92 0.24 1.07 0.62  0
6 10 0.035 -0.35  2  10  0.76 0.2 0.94 0.53  0
4 14 0.035 -0.35  2  8  1.64 0.55 1.47 1.25  0
2 15 0.035 0.40  2  8  1.06 0.22 1.32 0.59  0
1 13 0.035 0.90  2  7  0.63 0.03 1.03 0.23  0
7 14 0.035 -0.10  2  8  2.62 1.12 2.34 1.32  1
5 11 0.035 -0.10  2  8  1.13 0.33 1.23 0.76  0
6 11 0.035 -0.10  2  8  1.35 0.43 1.42 0.86  0
3 12 0.035 -0.35  2  8  0.95 0.25 1.09 0.69  0
1 13 0.035 -0.10  2  7  0.58 0.05 0.97 0.28  0
4 17 0.035 0.65  2  9  2.12 0.79 1.98 1.29  1
3 13 0.035 -0.35  2  9  1.15 0.34 1.26 0.83  0
3 15 0.035 0.15  2  9  1.23 0.44 1.26 0.79  0
6.50 18 0.18 0.40  2  9  2.0 0.94 1.83 0.78  0
6.75 17 0.16 0.90  2  6  2.37 1.03 2.29 0.95  1
7.00 12 0.12 -0.10  2  8  1.53 0.68 1.33 0.77  0
2.00 11 0.05 -0.10  2  6  0.67 0.1 1.06 0.35  0
2.25 14 0.10 -0.35  2  10  0.82 0.21 0.94 0.52  0
0.25 14 0.22 -0.35  2  6  0.16 0.03 0.26 0.04  0
1.75 15 0.13 -0.35  2  5  0.71 0.15 0.95 0.38  0
6.50 9 0.15 -0.35  2  8  0.58 0.17 0.81 0.2  0
4.50 13 0.07 0.15  2  6  1.56 0.52 1.6 0.89  0
0.75 14 0.08 -0.10  2  8  0.48 0.04 0.77 0.2  0
0.00 9 0.17 0.90  2  6  0.0 0.0 0.0 0.0  0
7.00 14 0.02 0.65  2  9  2.7 1.08 2.17 1.72  1
1.25 12 0.24 0.40  2  10  0.29 0.03 0.51 0.08  0
5.00 12 0.12 0.65  2  8  1.33 0.4 1.49 0.66  0
2.50 10 0.16 0.90  2  10  0.45 0.08 0.74 0.12  0
2.75 11 0.14 0.40  2  6  0.75 0.18 1.04 0.29  0
3.25 10 0.15 0.40  2  6  0.62 0.14 0.93 0.18  0
3.00 13 0.25 0.65  2  7  0.56 0.11 0.84 0.19  0
3.25 10 0.17 0.90  2  7  0.61 0.11 0.93 0.16  0
6.50 13 0.06 0.65  2  10  2.07 0.84 1.91 1.13  1
3.25 10 0.23 -0.35  2  8  0.34 0.09 0.49 0.11  0
6.50 12 0.08 0.65  2  6  1.75 0.63 1.72 0.95  0
3.75 12 0.10 -0.10  2  7  1.04 0.29 1.19 0.63  0
7.00 11 0.22 0.65  2  8  0.83 0.29 0.99 0.3  0
2.75 11 0.06 0.90  2  8  1.07 0.36 1.3 0.43  0
0.00 10 0.25 -0.35  2  9  0.0 0.0 0.0 0.0  0
5.25 10 0.08 0.65  2  9  1.09 0.36 1.35 0.41  0
4.75 10 0.12 -0.35  2  10  0.57 0.15 0.77 0.32  0
1.50 11 0.20 0.15  2  9  0.35 0.08 0.55 0.11  0
2.25 12 0.08 0.15  2  10  0.69 0.13 1.03 0.42  0
5.25 13 0.22 0.65  2  8  0.98 0.34 1.12 0.35  0
6.25 9 0.09 -0.35  2  5  0.84 0.28 1.03 0.3  0
0.00 13 0.06 0.65  2  5  0.0 0.0 0.0 0.0  0
0.50 13 0.02 -0.35  2  6  0.34 0.01 0.61 0.14  0
1.00 16 0.15 0.65  2  9  0.65 0.1 1.01 0.2  0
5.25 12 0.23 0.90  2  9  0.84 0.29 1.01 0.29  0
7.00 12 0.21 -0.35  2  8  0.92 0.44 0.81 0.37  0
0.25 15 0.14 -0.35  2  6  0.26 0.07 0.35 0.07  0
2.75 12 0.23 0.90  2  5  0.63 0.11 0.93 0.2  0
4.75 15 0.04 0.65  2  5  2.12 0.71 2.18 1.34  1
6.25 16 0.10 0.90  2  9  2.57 1.09 2.47 1.19  1
1.75 15 0.16 0.40  2  7  0.79 0.16 1.1 0.3  0
4.50 9 0.07 0.65  2  10  0.76 0.28 0.9 0.24  0
0.25 12 0.22 0.40  2  5  0.17 0.03 0.25 0.04  0
1.50 15 0.05 0.40  2  10  0.8 0.11 1.19 0.43  0
5.25 13 0.24 0.90  2  9  0.9 0.33 1.04 0.3  0
4.50 12 0.24 -0.10  2  10  0.51 0.2 0.58 0.21  0
0.00 11 0.12 -0.35  2  6  0.0 0.0 0.0 0.0  0
6.75 14 0.17 -0.10  2  5  1.57 0.73 1.31 0.7  0
2.50 12 0.08 0.15  2  8  0.88 0.18 1.21 0.49  0
3.75 15 0.20 0.90  2  10  1.04 0.35 1.26 0.39  0
7.00 9 0.11 0.65  2  10  0.72 0.18 1.1 0.24  0
1.50 10 0.14 0.90  2  6  0.43 0.09 0.65 0.1  0
1.25 11 0.19 -0.10  2  5  0.35 0.07 0.55 0.1  0
2.25 13 0.09 0.90  2  6  1.02 0.16 1.46 0.46  0
6.50 11 0.24 0.90  2  5  0.76 0.22 0.98 0.26  0
5.50 11 0.22 0.15  2  9  0.62 0.24 0.74 0.24  0
0.25 13 0.14 -0.35  2  9  0.14 0.0 0.28 0.03  0
6.75 15 0.13 -0.35  2  8  2.06 1.04 1.6 0.95  1
4.50 18 0.25 0.65  2  8  0.96 0.3 1.24 0.36  0
5.75 11 0.02 -0.10  2  5  1.36 0.41 1.45 0.92  0
0.00 12 0.07 0.65  2  9  0.0 0.0 0.0 0.0  0
0.00 12 0.12 -0.35  2  7  0.0 0.0 0.0 0.0  0
1.00 14 0.22 -0.35  2  8  0.33 0.07 0.49 0.12  0
1.25 12 0.22 0.65  2  7  0.43 0.06 0.68 0.11  0
3.50 12 0.09 0.40  2  5  1.1 0.24 1.39 0.65  0
0.00 18 0.17 0.40  2  6  0.0 0.0 0.0 0.0  0
4.50 11 0.16 -0.35  2  7  0.68 0.23 0.84 0.35  0
1.00 12 0.07 -0.10  2  8  0.49 0.04 0.82 0.2  0
3.25 10 0.25 0.65  2  9  0.37 0.08 0.6 0.09  0
0.25 14 0.05 -0.10  2  9  0.18 -0.0 0.34 0.06  0
2.25 15 0.17 0.65  2  9  0.83 0.19 1.17 0.33  0
4.00 10 0.21 -0.10  2  8  0.45 0.12 0.65 0.15  0
1.25 15 0.14 -0.35  2  6  0.57 0.1 0.83 0.25  0
6.75 12 0.10 -0.35  2  7  1.61 0.74 1.32 0.85  0
0.75 14 0.05 -0.10  2  8  0.5 0.04 0.82 0.22  0
1.50 18 0.21 0.90  2  10  0.68 0.09 1.16 0.22  0
1.50 15 0.05 0.90  2  10  0.84 0.1 1.27 0.42  0
7.00 12 0.05 0.65  2  8  1.93 0.66 1.95 1.09  0
3.50 16 0.09 0.65  2  6  1.71 0.5 1.98 0.88  0
4.25 11 0.15 0.90  2  5  0.96 0.23 1.29 0.4  0
1.25 12 0.23 -0.35  2  10  0.23 0.04 0.38 0.08  0
1.00 16 0.07 0.40  2  9  0.85 0.24 1.09 0.26  0
5.50 15 0.15 0.15  2  7  1.64 0.69 1.56 0.73  0
4.00 11 0.17 -0.35  2  10  0.51 0.18 0.63 0.27  0
2.75 15 0.20 -0.10  2  10  0.63 0.19 0.79 0.27  0
1.75 12 0.02 -0.35  2  8  0.71 0.12 0.98 0.47  0
5.00 18 0.18 0.65  2  9  1.67 0.65 1.8 0.66  0
0.00 15 0.19 0.40  2  5  0.0 0.0 0.0 0.0  0
2.75 13 0.17 -0.35  2  7  0.67 0.18 0.83 0.33  0
6.50 11 0.13 0.90  2  5  1.24 0.34 1.51 0.62  0
0.75 10 0.21 -0.35  2  6  0.19 0.04 0.3 0.05  0
6.00 12 0.23 0.65  2  7  0.87 0.28 1.04 0.32  0
6.25 13 0.13 -0.10  2  10  1.38 0.61 1.23 0.75  0
4.25 17 0.24 0.90  2  7  0.97 0.25 1.32 0.36  0
2.50 11 0.16 0.40  2  10  0.48 0.09 0.78 0.2  0
2.00 13 0.05 -0.10  2  7  0.89 0.15 1.26 0.54  0
6.00 17 0.22 0.90  2  10  1.48 0.64 1.55 0.53  0
5.75 12 0.25 0.90  2  9  0.81 0.29 0.94 0.26  0
6.75 12 0.03 0.65  2  5  1.88 0.62 1.99 1.08  0
6.75 11 0.16 0.40  2  7  1.04 0.35 1.21 0.5  0
6.50 12 0.03 -0.10  2  7  1.81 0.64 1.58 1.28  0
2.25 9 0.23 0.65  2  8  0.28 0.04 0.47 0.05  0
3.25 10 0.25 -0.10  2  10  0.27 0.07 0.42 0.08  0
1.25 18 0.17 0.65  2  10  0.73 0.1 1.2 0.25  0
4.00 12 0.17 0.65  2  7  0.93 0.21 1.22 0.41  0
2.25 16 0.22 0.90  2  5  0.74 0.11 1.16 0.25  0
3.50 10 0.21 0.90  2  9  0.48 0.1 0.77 0.13  0
0.00 17 0.15 0.65  2  6  0.0 0.0 0.0 0.0  0
2.25 9 0.22 -0.35  2  5  0.25 0.05 0.41 0.06  0
1.25 9 0.15 0.90  2  6  0.26 0.06 0.38 0.07  0
4.75 14 0.16 0.90  2  10  1.37 0.52 1.48 0.61  0
1.00 15 0.22 0.40  2  10  0.38 0.06 0.63 0.11  0
4.50 13 0.04 -0.10  2  6  1.54 0.51 1.58 1.0  0
0.75 9 0.11 0.15  2  5  0.25 0.11 0.26 0.08  0
0.50 9 0.16 0.65  2  7  0.16 0.07 0.17 0.06  0
4.50 9 0.11 0.15  2  5  0.69 0.17 0.96 0.19  0
6.00 15 0.17 -0.10  2  5  1.52 0.69 1.37 0.62  0
3.50 16 0.21 0.90  2  6  1.03 0.27 1.38 0.38  0
6.00 12 0.23 0.65  2  8  0.91 0.31 1.03 0.31  0
4.00 14 0.19 0.40  2  8  1.02 0.33 1.15 0.43  0
6.00 9 0.13 0.65  2  8  0.74 0.16 1.1 0.21  0
4.75 12 0.04 0.15  2  9  1.35 0.44 1.42 0.88  0
5.75 15 0.22 0.40  2  5  1.12 0.44 1.2 0.41  0
2.75 15 0.24 -0.10  2  10  0.49 0.15 0.64 0.19  0
0.50 15 0.09 0.40  2  5  0.58 0.18 0.68 0.15  0
3.25 10 0.12 0.40  2  5  0.72 0.17 1.03 0.22  0
5.25 15 0.16 0.15  2  8  1.51 0.63 1.47 0.64  0
5.25 15 0.01 0.40  2  7  2.29 0.82 1.89 1.81  1
7.00 17 0.20 0.65  2  10  1.81 0.88 1.69 0.67  0
6.50 12 0.11 -0.10  2  10  1.28 0.54 1.14 0.77  0
4.50 11 0.11 -0.10  2  6  0.92 0.28 1.11 0.51  0
5.75 11 0.22 0.15  2  7  0.64 0.21 0.82 0.26  0
2.50 15 0.13 0.90  2  6  1.13 0.22 1.57 0.5  0
4.75 15 0.03 0.65  2  9  1.96 0.82 1.66 1.3  0
6.75 10 0.22 0.90  2  5  0.69 0.16 1.01 0.21  0
6.75 10 0.19 0.65  2  6  0.78 0.21 1.09 0.25  0
4.50 10 0.09 -0.35  2  7  0.91 0.32 1.06 0.39  0
0.75 13 0.04 -0.35  2  6  0.45 0.03 0.79 0.2  0
2.00 9 0.15 0.15  2  10  0.28 0.07 0.45 0.07  0
2.00 12 0.17 -0.10  2  8  0.54 0.1 0.79 0.22  0
7.00 17 0.11 0.15  2  10  2.65 1.34 2.16 1.28  1
2.00 16 0.17 0.90  2  10  0.82 0.13 1.27 0.33  0
0.50 13 0.21 0.40  2  10  0.23 0.03 0.39 0.05  0
4.00 12 0.25 -0.10  2  10  0.45 0.16 0.54 0.18  0
5.50 17 0.11 0.65  2  7  2.41 0.96 2.37 1.16  1
1.00 10 0.21 -0.35  2  10  0.16 0.04 0.27 0.05  0
7.00 13 0.04 0.15  2  7  2.28 0.93 1.99 1.43  1
2.75 11 0.07 -0.35  2  8  0.72 0.17 1.0 0.43  0
0.50 10 0.16 0.90  2  9  0.19 0.07 0.24 0.06  0
1.75 11 0.06 -0.10  2  8  0.57 0.08 0.93 0.28  0
5.75 17 0.10 0.65  2  8  2.58 1.08 2.46 1.24  1
5.75 10 0.10 0.15  2  10  0.86 0.27 1.1 0.38  0
5.25 13 0.18 0.40  2  10  1.0 0.38 1.1 0.46  0
0.50 11 0.18 0.90  2  5  0.24 0.05 0.36 0.06  0
3.00 9 0.24 0.90  2  6  0.33 0.05 0.57 0.06  0
