S Tp Fric WLEV HR RES  2%   Set  Hss  Hig Overwash Hb
5 18 0.01 0.26  2  10  2.95 1.19 2.25 1.86  1	14.170
5 18 0.01 0.775  2  10  3.01 1.13 2.46 1.91  1	14.170
5 18 0.01 0.26  2  7  3.04 0.97 2.62 2.21  1	14.170
5 18 0.01 0.775  2  7  3.29 0.91 3.08 2.17  1	14.170
5 18 0.01 0.26  2  5  3.14 1.01 2.75 1.99  1	14.170
5 18 0.01 0.775  2  5  3.39 0.96 3.22 2.09  1	14.170
5 18 0.035 0.26  2  10  2.96 0.83 2.88 1.82  1	14.170
5 18 0.035 0.775  2  10  3.11 0.79 3.18 1.87  1	14.170
5 18 0.035 0.26  2  7   2.95 0.81 2.67 2.01   1	14.170
5 18 0.035 0.775  2  7  3.09 0.74 3.03 2.14   1	14.170
5 18 0.035 0.26  2  5  3.12 0.94 2.82 1.94   1	14.170
5 18 0.035 0.775  2  5  3.23 0.89 3.15 2.02  1	14.170
5 18 0.07 0.26  2  10  2.65 0.86 2.53 1.45  0	14.170
5 18 0.07 0.775  2  10  2.76 0.81 2.79 1.46  0	14.170
5 18 0.07 0.26  2  7  2.47 0.74 2.3 1.59  0	14.170
5 18 0.07 0.775  2  7  2.57 0.67 2.57 1.62  0	14.170
5 18 0.07 0.26  2  5  2.69 0.88 2.44 1.52  0	14.170
5 18 0.07 0.775  2  5  2.83 0.82 2.7 1.58  1	14.170
5 18 0.10 0.26  2  10  2.44 0.81 2.36 1.25  0	14.170
5 18 0.10 0.775  2  10  2.56 0.76 2.61 1.26  0	14.170
5 18 0.10 0.26  2  7  2.23 0.65 2.1 1.37  0	14.170
5 18 0.10 0.775  2  7  2.34 0.59 2.37 1.41  0	14.170
5 18 0.10 0.26  2  5  2.46 0.78 2.19 1.31  0	14.170
5 18 0.10 0.775  2  5  2.6 0.73 2.46 1.37  0	14.170
5 18 0.25 0.26  2  10  0.87 0.29 1.04 0.41   0	14.170
5 18 0.25 0.775  2  10  0.99 0.27 1.26 0.44   0	14.170
5 18 0.25 0.26  2  7  0.58 -0.01 0.96 0.44   0	14.170
5 18 0.25 0.775  2  7  0.7 -0.03 1.19 0.47  0	14.170
5 18 0.25 0.775  2  5  0.92 0.09 1.26 0.47  0	14.170
3 12 0.01 0.26  2  10  1.23 0.25 1.5 0.83  0	8.007
3 12 0.01 0.26  2  7  1.09 0.18 1.29 0.92  0	8.007
3 12 0.035 0.26  2  10  1.12 0.28 1.34 0.66  0	8.007
3 12 0.035 0.775  2  10  1.19 0.27 1.48 0.63  0	8.007
3 12 0.035 0.26  2  7  1.23 0.21 1.49 0.83  0	8.007
3 12 0.035 0.775  2  7 1.29 0.17 1.68 0.77  0	8.007
3 12 0.035 0.26  2  5  1.25 0.14 1.59 0.86  0	8.007
3 12 0.035 0.775  2  5 1.28 0.1 1.75 0.84   0	8.007
3 12 0.25 0.775 2  10 0.51 0.11 0.85 0.18   0	8.007
3 12 0.25 0.26  2  7  0.48 0.08 0.79 0.18   0	8.007
3 12 0.25 0.775 2  7  0.57 0.07 0.96 0.18   0	8.007
3 12 0.25 0.26  2  5  0.43 0.01 0.80 0.17   0	8.007
3 12 0.25 0.775 2  5  0.53 -0.0 0.97 0.18   0	8.007
5 15 0.09 0.0  2  10  1.98 0.73 1.77 1.2  0	13.173
2 17 0.25 0.6  2  9  0.56 0.12 0.87 0.23  0	6.654
7 16 0.13 0.5  2  8  2.66 1.17 2.25 1.21  0	17.693
3 14 0.14 0.4  2  9  1.15 0.32 1.43 0.57  0	8.516
5 15 0.05 0.1  2  8  2.31 0.85 1.97 1.54  0	13.173
3 11 0.17 0.1  2  8  0.65 0.17 0.93 0.24  0	7.733
4 11 0.14 0.2  2  8  0.89 0.24 1.23 0.37  0	9.734
2 13 0.04 0.7  2  5  0.98 0.14 1.41 0.49  0	5.977
7 17 0.10 0.2  2  9  2.94 1.39 2.35 1.42  1	18.127
6 16 0.17 0.4  2  7  1.95 0.78 1.82 0.86  0	15.640
7 14 0.10 0.1  2  10  2.21 0.92 1.93 1.18  0	16.773
6 9 0.15 0.5  2  7  0.72 0.15 1.09 0.17  0	12.425
3 15 0.25 0.5  2  6  0.65 0.17 0.91 0.3  0	8.754
3 17 0.07 0.7  2  6  1.79 0.47 2.02 0.98  0	9.204
1 17 0.13 0.6  2  9  0.71 0.12 1.05 0.24  0	3.822
7 9 0.14 0.6  2  9  0.77 0.19 1.15 0.2  0	14.056
4 16 0.11 0.5  2  9  1.86 0.64 1.92 0.94  0	11.308
7 10 0.07 0.0  2  10  1.01 0.25 1.3 0.58  0	14.661
2 10 0.14 0.6  2  9  0.49 0.1 0.78 0.11  0	5.381
3 12 0.14 0.5  2  10  0.86 0.18 1.28 0.41  0	8.007
5 12 0.22 0.3  2  9  0.83 0.31 1.01 0.34  0	12.048
2 13 0.11 0.4  2  6  0.88 0.16 1.31 0.39  0	5.977
6 12 0.05 0.4  2  8  1.89 0.61 1.8 1.24  0	13.940
5 11 0.10 0.5  2  9  1.21 0.34 1.57 0.54  0	11.636
2 11 0.10 0.4  2  5  0.85 0.21 1.16 0.25  0	5.591
5 13 0.03 0.2  2  7  2.02 0.65 1.87 1.4  0	12.440
7 9 0.15 0.0  2  10  0.56 0.16 0.84 0.2  0	14.056
3 14 0.18 0.5  2  7  0.94 0.21 1.27 0.44  0	8.516
1 15 0.14 0.4  2  10  0.56 0.1 0.85 0.22  0	3.635
3 9 0.10 0.4  2  7  0.61 0.16 0.85 0.13  0	7.136
2 9 0.10 0.2  2  9  0.41 0.13 0.54 0.1  0	5.159
5 11 0.10 0.2  2  9  1.17 0.36 1.46 0.56  0	11.636
1 13 0.08 0.0  2  6  0.53 0.06 0.87 0.21  0	3.433
3 14 0.14 0.2  2  10  1.05 0.27 1.32 0.58  0	8.516
7 9 0.22 0.4  2  8  0.51 0.12 0.81 0.12  0	14.056
7 12 0.12 0.1  2  5  1.9 0.76 1.76 0.92  0	15.770
2 11 0.22 0.1  2  8  0.39 0.09 0.62 0.11  0	5.591
5 16 0.16 0.4  2  10  1.8 0.71 1.75 0.8  0	13.518
1 11 0.12 0.2  2  10  0.39 0.09 0.62 0.12  0	3.211
1 12 0.08 0.4  2  10  0.46 0.03 0.85 0.16  0	3.325
6 14 0.03 0.2  2  8  2.53 0.92 2.14 1.78  0	14.827
1 10 0.20 0.0  2  10  0.19 0.04 0.32 0.05  0	3.091
1 13 0.11 0.5  2  6  0.62 0.14 0.91 0.19  0	3.433
5 12 0.05 0.7  2  7  1.75 0.46 1.85 1.06  0	12.048
1 14 0.09 0.1  2  9  0.55 0.07 0.88 0.24  0	3.536
2 13 0.05 0.3  2  7  0.99 0.16 1.41 0.52  0	5.977
2 13 0.09 0.1  2  9  0.88 0.19 1.24 0.44  0	5.977
5 14 0.19 0.0  2  5  1.2 0.45 1.24 0.59  0	12.815
4 12 0.14 0.2  2  8  1.12 0.33 1.37 0.56  0	10.079
5 10 0.11 0.4  2  7  1.04 0.28 1.41 0.35  0	11.201
2 10 0.13 0.5  2  5  0.57 0.12 0.87 0.13  0	5.381
3 13 0.17 0.5  2  8  0.92 0.22 1.28 0.39  0	8.267
3 14 0.23 0.3  2  6  0.66 0.18 0.91 0.3  0	8.516
7 13 0.14 0.5  2  10  1.76 0.66 1.84 0.87  0	16.283
7 18 0.25 0.7  2  10  1.61 0.75 1.44 0.66  0	18.547
7 15 0.12 0.6  2  9  2.63 1.14 2.25 1.21  0	17.242
6 15 0.24 0.7  2  7  1.23 0.44 1.34 0.52  0	15.242
3 11 0.08 0.4  2  8  0.93 0.18 1.39 0.38  0	7.733
6 18 0.24 0.7  2  10  1.5 0.65 1.43 0.62  0	16.395
5 14 0.06 0.6  2  9  2.03 0.71 1.98 1.25  0	12.815
4 16 0.12 0.6  2  6  1.83 0.59 1.95 0.91  0	11.308
2 15 0.13 0.1  2  10  0.87 0.17 1.16 0.49  0	6.329
5 16 0.20 0.6  2  5  1.41 0.47 1.54 0.62  0	13.518
4 18 0.14 0.6  2  6  1.84 0.61 1.93 0.92  0	11.853
6 13 0.06 0.6  2  8  2.12 0.74 1.96 1.34  0	14.394
5 11 0.21 0.4  2  8  0.75 0.22 1.05 0.25  0	11.636
4 13 0.10 0.4  2  5  1.54 0.42 1.77 0.79  0	10.406
6 13 0.06 0.7  2  9  2.12 0.73 2.02 1.3  0	14.394
2 16 0.06 0.5  2  6  1.26 0.26 1.61 0.68  0	6.495
4 9 0.07 0.2  2  10  0.76 0.28 0.93 0.25  0	8.983
1 12 0.22 0.3  2  8  0.32 0.05 0.55 0.09  0	3.325
5 16 0.24 0.7  2  9  1.15 0.44 1.28 0.47  0	13.518
2 12 0.16 0.4  2  5  0.71 0.14 1.04 0.26  0	5.789
3 11 0.20 0.4  2  5  0.62 0.13 0.95 0.18  0	7.733
3 11 0.13 0.1  2  10  0.65 0.15 1.02 0.28  0	7.733
5 14 0.13 0.0  2  9  1.69 0.69 1.63 0.85  0	12.815
5 16 0.20 0.6  2  7  1.41 0.47 1.54 0.62  0	13.518
1 12 0.23 0.6  2  5  0.36 0.04 0.61 0.08  0	3.325
1 11 0.20 0.6  2  7  0.36 0.05 0.6 0.07  0	3.211
3 15 0.08 0.7  2  10  1.48 0.32 1.79 0.85  0	8.754
4 9 0.23 0.3  2  7  0.36 0.06 0.62 0.07  0	8.983
3 15 0.07 0.6  2  10  1.47 0.33 1.74 0.9  0	8.754
3 12 0.20 0.0  2  5  0.61 0.15 0.87 0.27  0	8.007
3 16 0.14 0.5  2  6  1.32 0.36 1.6 0.66  0	8.983
6 17 0.25 0.2  2  6  1.15 0.51 1.11 0.5  0	16.024
2 14 0.22 0.6  2  8  0.6 0.12 0.92 0.23  0	6.157
5 15 0.15 0.2  2  10  1.6 0.58 1.6 0.86  0	13.173
4 16 0.24 0.2  2  10  0.77 0.26 0.94 0.37  0	11.308
4 14 0.00 0.0  2  10  1.9 0.73 1.66 1.19  0	10.720
5 9 0.09 0.7  2  10  0.75 0.18 1.11 0.19  0	10.739
7 10 0.12 0.2  2  6  1.15 0.38 1.42 0.43  0	14.661
1 14 0.23 0.2  2  7  0.34 0.05 0.58 0.11  0	3.536
2 9 0.25 0.1  2  7  0.21 0.03 0.38 0.04  0	5.159
3 9 0.14 0.3  2  10  0.39 0.08 0.65 0.09  0	7.136
4 16 0.24 0.7  2  5  0.9 0.23 1.19 0.39  0	11.308
7 12 0.05 0.3  2  9  1.99 0.72 1.84 1.33  0	15.770
1 13 0.12 0.6  2  7  0.63 0.12 0.93 0.17  0	3.433
2 13 0.04 0.0  2  8  0.91 0.19 1.18 0.56  0	5.977
3 15 0.16 0.0  2  10  0.98 0.28 1.15 0.56  0	8.754
3 14 0.19 0.5  2  7  0.88 0.19 1.21 0.41  0	8.516
6 9 0.11 0.6  2  9  0.81 0.2 1.18 0.21  0	12.425
6 10 0.17 0.5  2  9  0.8 0.24 1.15 0.25  0	12.960
5 17 0.22 0.4  2  7  1.21 0.43 1.32 0.55  0	13.849
2 10 0.12 0.2  2  5  0.57 0.14 0.84 0.13  0	5.381
6 14 0.14 0.6  2  6  2.08 0.81 2.03 0.93  0	14.827
4 13 0.18 0.7  2  8  1.1 0.31 1.46 0.46  0	10.406
7 12 0.15 0.1  2  10  1.37 0.53 1.45 0.72  0	15.770
6 16 0.13 0.6  2  7  2.41 0.96 2.2 1.12  0	15.640
2 14 0.14 0.6  2  5  0.97 0.19 1.32 0.39  0	6.157
1 14 0.08 0.7  2  5  0.92 0.22 1.15 0.25  0	3.536
7 12 0.07 0.0  2  5  1.99 0.77 1.68 1.26  0	15.770
1 10 0.22 0.1  2  5  0.23 0.04 0.38 0.05  0	3.091
1 18 0.10 0.6  2  5  0.92 0.16 1.25 0.33  0	3.910
3 14 0.12 0.2  2  5  1.24 0.31 1.48 0.68  0	8.516
5 9 0.11 0.7  2  8  0.79 0.18 1.15 0.18  0	10.739
7 14 0.18 0.5  2  7  1.88 0.77 1.81 0.78  0	16.773
3 16 0.14 0.7  2  8  1.38 0.35 1.7 0.65  0	8.983
7 13 0.12 0.4  2  6  2.15 0.89 1.99 1.0  0	16.283
3.25 15 0.14 0.87  2  7  1.43 0.32 1.76 0.7  0	9.333
4.25 10 0.10 0.27  2  6  0.95 0.28 1.28 0.31  0	9.835
3.00 11 0.17 0.72  2  9  0.72 0.17 1.11 0.22  0	7.733
2.00 13 0.06 0.12  2  6  0.95 0.18 1.32 0.5  0	5.977
2.50 12 0.15 0.12  2  6  0.74 0.17 1.05 0.34  0	6.920
6.25 18 0.08 0.72  2  9  3.21 1.33 2.9 1.69  1	16.939
6.25 13 0.04 -0.03  2  5  2.22 0.84 1.79 1.53  0	14.872
6.50 16 0.09 0.57  2  9  2.82 1.18 2.45 1.45  1	16.675
6.00 13 0.22 0.72  2  9  1.19 0.46 1.36 0.47  0	14.394
2.00 15 0.11 0.72  2  5  1.13 0.17 1.53 0.54  0	6.329
5.25 11 0.01 -0.18  2  5  1.31 0.42 1.23 0.96  0	12.099
6.00 10 0.10 0.72  2  9  1.15 0.34 1.55 0.39  0	12.960
3.75 13 0.21 -0.33  2  10  0.62 0.24 0.71 0.32  0	9.883
5.25 11 0.23 0.12  2  10  0.55 0.19 0.76 0.21  0	12.099
4.75 11 0.21 -0.03  2  6  0.65 0.22 0.85 0.24  0	11.168
3.75 12 0.09 0.42  2  5  1.34 0.31 1.65 0.72  0	9.571
5.25 12 0.17 -0.03  2  8  1.11 0.42 1.22 0.54  0	12.528
4.00 11 0.12 -0.03  2  9  0.9 0.28 1.18 0.41  0	9.734
3.00 17 0.24 0.72  2  8  0.79 0.19 1.11 0.34  0	9.204
6.00 10 0.12 0.72  2  5  1.17 0.29 1.59 0.37  0	12.960
3.75 12 0.04 0.12  2  6  1.37 0.36 1.47 0.92  0	9.571
6.00 10 0.08 0.57  2  7  1.38 0.41 1.67 0.47  0	12.960
3.50 17 0.25 0.57  2  9  0.82 0.26 1.04 0.35  0	10.411
1.50 13 0.04 -0.03  2  6  0.69 0.12 0.97 0.41  0	4.748
1.75 12 0.08 -0.33  2  7  0.72 0.13 1.01 0.39  0	5.202
1.00 15 0.18 0.87  2  7  0.57 0.08 0.88 0.18  0	3.635
1.00 15 0.09 -0.03  2  8  0.61 0.08 0.92 0.29  0	3.635
0.00 16 0.04 0.72  2  10  0.0 0.0 0.0 0.0  0	0.000
6.50 14 0.23 -0.18  2  10  1.0 0.47 0.93 0.47  0	15.807
2.50 13 0.03 0.12  2  10  1.1 0.24 1.34 0.68  0	7.145
2.75 13 0.20 0.12  2  7  0.65 0.15 0.94 0.29  0	7.711
4.50 12 0.21 0.27  2  10  0.72 0.24 0.97 0.34  0	11.074
2.25 10 0.23 0.42  2  10  0.3 0.05 0.54 0.06  0	5.913
5.50 15 0.17 -0.03  2  6  1.62 0.69 1.47 0.79  0	14.217
1.50 9 0.24 -0.33  2  8  0.15 0.03 0.24 0.04  0	4.099
1.00 17 0.10 0.87  2  9  0.85 0.15 1.25 0.27  0	3.822
4.25 11 0.20 0.72  2  8  0.8 0.2 1.17 0.24  0	10.218
3.00 17 0.17 0.87  2  8  1.27 0.31 1.62 0.56  0	9.204
1.00 15 0.25 0.42  2  10  0.32 0.05 0.55 0.11  0	3.635
1.00 10 0.09 0.57  2  9  0.42 0.15 0.53 0.12  0	3.091
4.75 11 0.20 -0.18  2  5  0.65 0.21 0.86 0.27  0	11.168
4.00 14 0.01 0.12  2  10  1.78 0.44 1.52 1.7  0	10.720
4.25 15 0.08 -0.03  2  5  1.9 0.67 1.69 1.2  0	11.567
6.50 13 0.17 0.12  2  5  1.58 0.64 1.55 0.7  0	15.346
3.75 13 0.16 0.72  2  7  1.17 0.27 1.58 0.5  0	9.883
5 11 0.035 0.15  2  8  1.32 0.36 1.47 0.88  0	11.636
0 15 0.035 0.90  2  8  0.0 0.0 0.0 0.0  0	0.000
2 13 0.035 0.65  2  10  0.93 0.13 1.36 0.52  0	5.977
0 18 0.035 0.40  2  10  0.0 0.0 0.0 0.0  0	0.000
6 12 0.035 -0.10  2  8  1.88 0.66 1.63 1.39  0	13.940
0 15 0.035 -0.10  2  7  0.0 0.0 0.0 0.0  0	0.000
0 9 0.035 0.40  2  8  0.0 0.0 0.0 0.0  0	0.000
1 12 0.035 -0.35  2  9  0.4 0.05 0.62 0.22  0	3.325
0 15 0.035 -0.35  2  10  0.0 0.0 0.0 0.0  0	0.000
4 11 0.035 0.65  2  9  1.15 0.26 1.46 0.63  0	9.734
3 12 0.01 0.26  2  10  1.15 0.26 1.46 0.63  0	8.007
6 13 0.035 -0.35  2  10  1.99 0.69 1.53 1.74  0	14.394
5 11 0.035 -0.10  2  7  1.38 0.36 1.44 0.95  0	11.636
6 13 0.035 0.15  2  10  2.01 0.65 1.79 1.54  0	14.394
3 15 0.035 -0.35  2  9  1.56 0.48 1.39 1.13  0	8.754
2 12 0.035 0.15  2  7  0.84 0.14 1.1 0.49  0	5.789
7 11 0.035 0.65  2  7  1.81 0.51 1.86 1.15  0	15.230
4 14 0.035 0.15  2  7  1.88 0.56 1.75 1.34  0	10.720
6 15 0.035 -0.10  2  9  2.89 1.13 2.17 1.94  1	15.242
1 13 0.035 0.90  2  7  0.69 0.04 1.12 0.27  0	3.433
1 15 0.035 -0.10  2  9  0.58 0.08 0.83 0.35  0	3.635
6 14 0.035 0.65  2  10  2.38 0.84 2.16 1.54  0	14.827
2 14 0.035 -0.10  2  7  1.06 0.21 1.23 0.73  0	6.157
6 10 0.035 -0.35  2  9  0.97 0.29 1.13 0.61  0	12.960
3 12 0.035 -0.10  2  9  1.06 0.28 1.18 0.77  0	8.007
5 11 0.035 -0.35  2  7  1.33 0.37 1.28 1.01  0	11.636
1 14 0.035 0.15  2  7  0.64 0.06 0.99 0.31  0	3.536
3 14 0.035 0.65  2  8  1.58 0.37 1.82 0.96  0	8.516
2 15 0.035 0.40  2  9  1.24 0.26 1.44 0.74  0	6.329
3 17 0.035 0.90  2  7  1.94 0.46 2.2 1.21  0	9.204
7 10 0.035 -0.35  2  8  1.13 0.34 1.19 0.86  0	14.661
6 10 0.035 -0.35  2  8  1.06 0.3 1.17 0.68  0	12.960
6 10 0.035 -0.35  2  10  0.89 0.23 1.09 0.6  0	12.960
4 14 0.035 -0.35  2  8  1.8 0.6 1.5 1.38  0	10.720
2 15 0.035 0.40  2  8  1.18 0.23 1.44 0.75  0	6.329
1 13 0.035 0.90  2  7  0.69 0.04 1.12 0.27  0	3.433
7 14 0.035 -0.10  2  8  2.68 1.13 2.14 1.73  0	16.773
5 11 0.035 -0.10  2  8  1.29 0.37 1.32 0.93  0	11.636
6 11 0.035 -0.10  2  8  1.5 0.46 1.46 1.08  0	13.463
3 12 0.035 -0.35  2  8  1.14 0.3 1.15 0.81  0	8.007
1 13 0.035 -0.10  2  7  0.54 0.05 0.88 0.26  0	3.433
4 17 0.035 0.65  2  9  2.36 0.77 2.34 1.42  0	11.585
3 13 0.035 -0.35  2  9  1.29 0.37 1.32 0.9  0	8.267
3 15 0.035 0.15  2  9  1.6 0.44 1.56 1.1  0	8.754
6.50 18 0.18 0.40  2  9  2.18 1.01 1.88 0.97  0	17.479
6.75 17 0.16 0.90  2  6  2.55 1.08 2.34 1.01  0	17.608
7.00 12 0.12 -0.10  2  8  1.77 0.76 1.62 0.89  0	15.770
2.00 11 0.05 -0.10  2  6  0.63 0.1 0.96 0.31  0	5.591
2.25 14 0.10 -0.35  2  10 0.93 0.23 1.12 0.58  0	6.765
0.25 14 0.22 -0.35  2  6  0.12 0.03 0.19 0.04  0	1.166
1.75 15 0.13 -0.35  2  5  0.77 0.17 0.94 0.45  0	5.688
6.50 9 0.15 -0.35  2  8  0.59 0.2 0.78 0.21  0	13.247
4.50 13 0.07 0.15  2  6  1.63 0.55 1.64 0.97  0	11.435
0.75 14 0.08 -0.10  2  8  0.44 0.04 0.73 0.17  0	2.809
0.00 9 0.17 0.90  2  6  0.0 0.0 0.0 0.0  0	0.000
7.00 14 0.02 0.65  2  9  2.68 1.11 2.05 1.91  0	16.773
1.25 12 0.24 0.40  2  10  0.28 0.03 0.53 0.08  0	3.974
5.00 12 0.12 0.65  2  8  1.51 0.45 1.79 0.73  0	12.048
2.50 10 0.16 0.90  2  10  0.5 0.08 0.88 0.11  0	6.433
2.75 11 0.14 0.40  2  6  0.79 0.19 1.15 0.26  0	7.213
3.25 10 0.15 0.40  2  6  0.64 0.15 0.98 0.17  0	7.936
3.00 13 0.25 0.65  2  7  0.59 0.11 0.95 0.21  0	8.267
3.25 10 0.17 0.90  2  7  0.67 0.11 1.08 0.14  0	7.936
6.50 13 0.06 0.65  2  10  2.33 0.84 2.13 1.44  0	15.346
3.25 10 0.23 -0.35  2  8  0.31 0.1 0.46 0.09  0	7.936
6.50 12 0.08 0.65  2  6  1.93 0.66 1.95 1.07  0	14.862
3.75 12 0.10 -0.10  2  7  1.24 0.35 1.39 0.73  0	9.571
7.00 11 0.22 0.65  2  8  0.92 0.31 1.21 0.3  0	15.230
2.75 11 0.06 0.90  2  8  1.16 0.33 1.47 0.42  0	7.213
0.00 10 0.25 -0.35  2  9  0.0 0.0 0.0 0.0  0	0.000
5.25 10 0.08 0.65  2  9  1.18 0.37 1.5 0.38  0	11.647
4.75 10 0.12 -0.35  2  10  0.61 0.18 0.86 0.29  0	10.751
1.50 11 0.20 0.15  2  9  0.35 0.08 0.56 0.1  0	4.441
2.25 12 0.08 0.15  2  10  0.82 0.14 1.22 0.45  0	6.361
5.25 13 0.22 0.65  2  8  1.07 0.37 1.31 0.41  0	12.935
6.25 9 0.09 -0.35  2  5  0.88 0.31 1.07 0.31  0	12.837
0.00 13 0.06 0.65  2  5  0.0 0.0 0.0 0.0  0	0.000
0.50 13 0.02 -0.35  2  6  0.3 0.01 0.52 0.13  0	1.972
1.00 16 0.15 0.65  2  9  0.62 0.1 0.93 0.21  0	3.730
5.25 12 0.23 0.90  2  9  0.94 0.31 1.22 0.33  0	12.528
7.00 12 0.21 -0.35  2  8  1.02 0.48 0.94 0.44  0	15.770
0.25 15 0.14 -0.35  2  6  0.2 0.07 0.25 0.08  0	1.199
2.75 12 0.23 0.90  2  5  0.65 0.11 1.03 0.2  0	7.468
4.75 15 0.04 0.65  2  5  2.42 0.77 2.32 1.67  0	12.644
6.25 16 0.10 0.90  2  9  2.74 1.1 2.51 1.35  0	16.160
1.75 15 0.16 0.40  2  7  0.82 0.16 1.11 0.36  0	5.688
4.50 9 0.07 0.65  2  10  0.83 0.28 1.05 0.24  0	9.871
0.25 12 0.22 0.40  2  5  0.15 0.03 0.24 0.04  0	1.097
1.50 15 0.05 0.40  2  10  0.89 0.11 1.27 0.5  0	5.028
5.25 13 0.24 0.90  2  9  1.0 0.35 1.25 0.37  0	12.935
4.50 12 0.24 -0.10  2  10  0.54 0.21 0.67 0.25  0	11.074
0.00 11 0.12 -0.35  2  6  0.0 0.0 0.0 0.0  0	0.000
6.75 14 0.17 -0.10  2  5  1.76 0.8 1.55 0.8  0	16.292
2.50 12 0.08 0.15  2  8  0.99 0.21 1.33 0.51  0	6.920
3.75 15 0.20 0.90  2  10  1.18 0.37 1.44 0.5  0	10.465
7.00 9 0.11 0.65  2  10  0.82 0.19 1.25 0.23  0	14.056
1.50 10 0.14 0.90  2  6  0.46 0.08 0.73 0.09  0	4.275
1.25 11 0.19 -0.10  2  5  0.34 0.07 0.54 0.09  0	3.839
2.25 13 0.09 0.90  2  6  1.11 0.18 1.62 0.44  0	6.567
6.50 11 0.24 0.90  2  5  0.85 0.22 1.2 0.25  0	14.354
5.50 11 0.22 0.15  2  9  0.69 0.26 0.88 0.24  0	12.558
0.25 13 0.14 -0.35  2  9  0.1 0.0 0.19 0.02  0	1.132
6.75 15 0.13 -0.35  2  8  2.28 1.11 1.72 1.12  0	16.748
4.50 18 0.25 0.65  2  8  1.01 0.33 1.19 0.46  0	13.024
5.75 11 0.02 -0.10  2  5  1.42 0.39 1.35 1.18  0	13.013
0.00 12 0.07 0.65  2  9  0.0 0.0 0.0 0.0  0	0.000
0.00 12 0.12 -0.35  2  7  0.0 0.0 0.0 0.0  0	0.000
1.00 14 0.22 -0.35  2  8  0.28 0.06 0.44 0.11  0	3.536
1.25 12 0.22 0.65  2  7  0.43 0.06 0.72 0.1  0	3.974
3.50 12 0.09 0.40  2  5  1.29 0.28 1.61 0.68  0	9.057
0.00 18 0.17 0.40  2  6  0.0 0.0 0.0 0.0  0	0.000
4.50 11 0.16 -0.35  2  7  0.79 0.26 0.96 0.37  0	10.696
1.00 12 0.07 -0.10  2  8  0.48 0.05 0.81 0.18  0	3.325
3.25 10 0.25 0.65  2  9  0.39 0.08 0.66 0.08  0	7.936
0.25 14 0.05 -0.10  2  9  0.16 -0.0 0.29 0.05  0	1.166
2.25 15 0.17 0.65  2  9  0.89 0.2 1.23 0.41  0	6.954
4.00 10 0.21 -0.10  2  8  0.45 0.14 0.66 0.13  0	9.370
1.25 15 0.14 -0.35  2  6  0.54 0.11 0.73 0.29  0	4.346
6.75 12 0.10 -0.35  2  7  1.83 0.8 1.57 0.94  0	15.318
0.75 14 0.05 -0.10  2  8  0.48 0.04 0.78 0.2  0	2.809
1.50 18 0.21 0.90  2  10  0.66 0.09 1.05 0.25  0	5.408
1.50 15 0.05 0.90  2  10  0.95 0.1 1.39 0.46  0	5.028
7.00 12 0.05 0.65  2  8  2.12 0.71 2.02 1.34  0	15.770
3.50 16 0.09 0.65  2  6  1.8 0.54 1.97 0.96  0	10.162
4.25 11 0.15 0.90  2  5  1.09 0.24 1.54 0.36  0	10.218
1.25 12 0.23 -0.35  2  10  0.2 0.05 0.34 0.08  0	3.974
1.00 16 0.07 0.40  2  9  0.92 0.23 1.15 0.28  0	3.730
5.50 15 0.15 0.15  2  7  1.89 0.76 1.73 0.94  0	14.217
4.00 11 0.17 -0.35  2  10  0.57 0.21 0.71 0.28  0	9.734
2.75 15 0.20 -0.10  2  10  0.68 0.2 0.85 0.38  0	8.165
1.75 12 0.02 -0.35  2  8  0.7 0.12 0.89 0.48  0	5.202
5.00 18 0.18 0.65  2  9  1.79 0.7 1.79 0.81  0	14.170
0.00 15 0.19 0.40  2  5  0.0 0.0 0.0 0.0  0	0.000
2.75 13 0.17 -0.35  2  7  0.7 0.2 0.88 0.36  0	7.711
6.50 11 0.13 0.90  2  5  1.48 0.39 1.87 0.58  0	14.354
0.75 10 0.21 -0.35  2  6  0.16 0.04 0.24 0.04  0	2.455
6.00 12 0.23 0.65  2  7  0.96 0.3 1.24 0.37  0	13.940
6.25 13 0.13 -0.10  2  10  1.56 0.64 1.54 0.84  0	14.872
4.25 17 0.24 0.90  2  7  1.03 0.26 1.32 0.44  0	12.161
2.50 11 0.16 0.40  2  10  0.53 0.09 0.92 0.18  0	6.683
2.00 13 0.05 -0.10  2  7  0.95 0.18 1.26 0.56  0	5.977
6.00 17 0.22 0.90  2  10  1.67 0.69 1.68 0.62  0	16.024
5.75 12 0.25 0.90  2  9  0.89 0.31 1.14 0.3  0	13.474
6.75 12 0.03 0.65  2  5  2.33 0.69 2.16 1.58  0	15.318
6.75 11 0.16 0.40  2  7  1.24 0.39 1.5 0.49  0	14.794
6.50 12 0.03 -0.10  2  7  2.13 0.72 1.7 1.59  0	14.862
2.25 9 0.23 0.65  2  8  0.28 0.04 0.49 0.05  0	5.669
3.25 10 0.25 -0.10  2  10  0.26 0.08 0.42 0.07  0	7.936
1.25 18 0.17 0.65  2  10  0.7 0.1 1.06 0.27  0	4.674
4.00 12 0.17 0.65  2  7  1.04 0.24 1.42 0.44  0	10.079
2.25 16 0.22 0.90  2  5  0.75 0.11 1.15 0.3  0	7.136
3.50 10 0.21 0.90  2  9  0.52 0.11 0.88 0.12  0	8.420
0.00 17 0.15 0.65  2  6  0.0 0.0 0.0 0.0  0	0.000
2.25 9 0.22 -0.35  2  5  0.22 0.05 0.36 0.05  0	5.669
1.25 9 0.15 0.90  2  6  0.27 0.06 0.42 0.07  0	3.542
4.75 14 0.16 0.90  2  10  1.61 0.56 1.84 0.68  0	12.299
1.00 15 0.22 0.40  2  10  0.37 0.06 0.61 0.13  0	3.635
4.50 13 0.04 -0.10  2  6  1.68 0.59 1.55 1.12  0	11.435
0.75 9 0.11 0.15  2  5  0.26 0.11 0.28 0.09  0	2.354
0.50 9 0.16 0.65  2  7  0.17 0.07 0.18 0.06  0	1.702
4.50 9 0.11 0.15  2  5  0.71 0.18 0.99 0.17  0	9.871
6.00 15 0.17 -0.10  2  5  1.75 0.76 1.51 0.85  0	15.242
3.50 16 0.21 0.90  2  6  1.08 0.28 1.4 0.45  0	10.162
6.00 12 0.23 0.65  2  8  0.97 0.34 1.21 0.37  0	13.940
4.00 14 0.19 0.40  2  8  1.09 0.35 1.31 0.51  0	10.720
6.00 9 0.13 0.65  2  8  0.79 0.17 1.17 0.19  0	12.425
4.75 12 0.04 0.15  2  9  1.55 0.49 1.5 1.06  0	11.564
5.75 15 0.22 0.40  2  5  1.28 0.48 1.33 0.58  0	14.732
2.75 15 0.24 -0.10  2  10  0.51 0.15 0.67 0.27  0	8.165
0.50 15 0.09 0.40  2  5  0.54 0.17 0.66 0.16  0	2.088
3.25 10 0.12 0.40  2  5  0.78 0.18 1.14 0.21  0	7.936
5.25 15 0.16 0.15  2  8  1.7 0.69 1.61 0.83  0	13.697
5.25 15 0.01 0.40  2  7  2.7 0.92 2.09 2.18  0	13.697
7.00 17 0.20 0.65  2  10  2.05 0.94 1.85 0.77  0	18.127
6.50 12 0.11 -0.10  2  10  1.53 0.58 1.51 0.91  0	14.862
4.50 11 0.11 -0.10  2  6  1.04 0.32 1.29 0.52  0	10.696
5.75 11 0.22 0.15  2  7  0.72 0.23 0.96 0.26  0	13.013
2.50 15 0.13 0.90  2  6  1.25 0.25 1.64 0.57  0	7.566
4.75 15 0.03 0.65  2  9  2.41 0.78 2.25 1.61  0	12.644
6.75 10 0.22 0.90  2  5  0.76 0.16 1.17 0.19  0	14.240
6.75 10 0.19 0.65  2  6  0.83 0.23 1.21 0.24  0	14.240
4.50 10 0.09 -0.35  2  7  0.99 0.35 1.15 0.4  0	10.295
0.75 13 0.04 -0.35  2  6  0.41 0.04 0.7 0.18  0	2.727
2.00 9 0.15 0.15  2  10  0.28 0.06 0.45 0.07  0	5.159
2.00 12 0.17 -0.10  2  8  0.53 0.12 0.79 0.23  0	5.789
7.00 17 0.11 0.15  2  10  2.84 1.35 2.25 1.34  1	18.127
2.00 16 0.17 0.90  2  10  0.88 0.13 1.31 0.37  0	6.495
0.50 13 0.21 0.40  2  10  0.22 0.03 0.39 0.05  0	1.972
4.00 12 0.25 -0.10  2  10  0.47 0.17 0.6 0.21  0	10.079
5.50 17 0.11 0.65  2  7  2.52 1.01 2.38 1.2  0	14.947
1.00 10 0.21 -0.35  2  10  0.14 0.04 0.23 0.04  0	3.091
7.00 13 0.04 0.15  2  7  2.56 0.93 2.1 1.73  0	16.283
2.75 11 0.07 -0.35  2  8  0.79 0.19 1.08 0.43  0	7.213
0.50 10 0.16 0.90  2  9  0.21 0.07 0.27 0.06  0	1.775
1.75 11 0.06 -0.10  2  8  0.62 0.09 1.0 0.25  0	5.024
5.75 17 0.10 0.65  2  8  2.66 1.11 2.47 1.27  0	15.488
5.75 10 0.10 0.15  2  10  0.97 0.3 1.31 0.39  0	12.526
5.25 13 0.18 0.40  2  10  1.15 0.4 1.38 0.54  0	12.935
0.50 11 0.18 0.90  2  5  0.27 0.04 0.42 0.06  0	1.844
3.00 9 0.24 0.90  2  6  0.34 0.04 0.6 0.05  0	7.136
