3 15 0.22 0.2 9 2
1 10 0.25 0.5 6 2
2 11 0.17 0.5 10 2
3 15 0.15 0.3 9 2
3 11 0.08 0.0 10 2
1 13 0.06 0.3 7 2
5 16 0.24 0.7 7 2
4 15 0.17 0.0 8 2
7 12 0.20 0.7 5 2
3 13 0.07 0.4 8 2
2 16 0.08 0.5 7 2
1 12 0.14 0.4 5 2
7 15 0.02 0.6 5 2
2 11 0.08 0.1 9 2
7 13 0.25 0.2 5 2
4 16 0.22 0.0 8 2
5 12 0.08 0.7 6 2
4 15 0.07 0.2 7 2
6 12 0.22 0.6 6 2
7 11 0.15 0.0 10 2
4 17 0.23 0.2 9 2
1 15 0.08 0.5 7 2
4 9 0.01 0.2 8 2
3 16 0.05 0.4 7 2
6 11 0.08 0.1 8 2
5 10 0.23 0.2 5 2
6 15 0.10 0.3 8 2
3 10 0.10 0.2 7 2
1 11 0.11 0.7 9 2
4 12 0.19 0.1 6 2
3 17 0.20 0.1 6 2
5 10 0.13 0.2 10 2
6 18 0.03 0.0 7 2
6 13 0.20 0.4 8 2
6 9 0.04 0.5 6 2
3 18 0.18 0.2 8 2
4 17 0.15 0.3 5 2
5 15 0.25 0.4 5 2
5 14 0.06 0.0 10 2
1 16 0.10 0.2 6 2
4 14 0.22 0.2 10 2
4 9 0.14 0.2 6 2
4 17 0.17 0.5 7 2
7 11 0.24 0.5 10 2
2 9 0.14 0.4 7 2
1 18 0.17 0.6 9 2
6 9 0.23 0.1 10 2
3 10 0.11 0.6 10 2
1 11 0.06 0.3 10 2
2 11 0.20 0.7 6 2
4 10 0.14 0.2 5 2
1 15 0.04 0.7 7 2
7 17 0.18 0.1 9 2
7 16 0.10 0.5 6 2
6 14 0.05 0.7 5 2
5 17 0.05 0.0 6 2
2 15 0.24 0.5 9 2
1 16 0.14 0.5 6 2
6 10 0.11 0.3 7 2
3 11 0.24 0.5 10 2
1 18 0.06 0.5 5 2
1 18 0.22 0.2 6 2
6 12 0.22 0.0 10 2
3 9 0.15 0.3 9 2
1 15 0.10 0.4 5 2
2 9 0.16 0.7 7 2
7 10 0.03 0.4 10 2
7 9 0.07 0.5 7 2
6 18 0.23 0.4 5 2
4 12 0.10 0.7 9 2
7 13 0.03 0.7 6 2
4 10 0.19 0.0 5 2
5 9 0.23 0.1 7 2
4 15 0.19 0.5 10 2
1 11 0.15 0.4 7 2
1 10 0.20 0.3 5 2
5 15 0.19 0.7 10 2
7 10 0.00 0.7 8 2
3 9 0.15 0.5 8 2
1 11 0.10 0.6 10 2
1 14 0.08 0.0 8 2
1 16 0.18 0.5 9 2
6 18 0.12 0.3 10 2
3 16 0.14 0.2 10 2
3 14 0.03 0.0 7 2
3 17 0.03 0.1 7 2
5 17 0.02 0.7 8 2
2 10 0.11 0.7 10 2
7 18 0.00 0.1 6 2
3 13 0.22 0.0 10 2
1 10 0.11 0.6 7 2
2 12 0.02 0.3 8 2
5 15 0.07 0.4 8 2
7 14 0.14 0.6 7 2
2 12 0.19 0.4 10 2
1 13 0.15 0.0 10 2
2 16 0.22 0.5 6 2
7 10 0.12 0.7 5 2
5 14 0.22 0.4 8 2
6 13 0.04 0.6 10 2
7 14 0.02 0.5 10 2
4 10 0.14 0.3 10 2
1 11 0.19 0.6 7 2
3 12 0.00 0.0 5 2
6 16 0.01 0.0 7 2
3 15 0.12 0.5 8 2
5 18 0.01 0.6 10 2
3 18 0.22 0.0 9 2
1 11 0.12 0.4 7 2
1 18 0.10 0.5 9 2
4 17 0.23 0.4 8 2
2 11 0.20 0.0 10 2
3 18 0.01 0.7 8 2
2 15 0.09 0.5 6 2
4 9 0.11 0.5 5 2
5 18 0.14 0.7 10 2
3 9 0.10 0.3 9 2
1 14 0.09 0.7 5 2
1 10 0.18 0.2 8 2
5 16 0.04 0.7 8 2
4 18 0.04 0.7 6 2
3 12 0.24 0.2 9 2
1 11 0.05 0.1 6 2
7 18 0.17 0.4 9 2
7 9 0.08 0.2 7 2
7 16 0.09 0.4 7 2
4 12 0.16 0.1 9 2
4 11 0.01 0.7 6 2
1 12 0.01 0.0 5 2
1 11 0.23 0.5 6 2
3 11 0.13 0.4 9 2
1 9 0.04 0.7 7 2
2 15 0.16 0.5 9 2
7 11 0.22 0.7 10 2
5 9 0.10 0.7 6 2
5 15 0.00 0.0 9 2
6 14 0.24 0.7 10 2
5 18 0.02 0.1 9 2
3 15 0.03 0.3 7 2
3 14 0.00 0.2 8 2
3 14 0.08 0.2 10 2
2 13 0.14 0.5 9 2
3 15 0.11 0.4 10 2
6 10 0.16 0.7 6 2
5 10 0.13 0.5 5 2
5 18 0.14 0.5 8 2
5 17 0.14 0.0 6 2
3 9 0.08 0.0 8 2
4 11 0.23 0.4 7 2
5 14 0.18 0.1 10 2
4 10 0.11 0.7 6 2
2 9 0.00 0.6 9 2
3 14 0.14 0.3 8 2
3 11 0.18 0.0 7 2
5 9 0.07 0.6 10 2
7 14 0.15 0.2 8 2
5 16 0.08 0.2 8 2
4 11 0.19 0.2 8 2
2 10 0.05 0.6 7 2
5 17 0.21 0.4 10 2
7 13 0.01 0.7 8 2
7 16 0.10 0.4 10 2
4 11 0.24 0.2 9 2
5 16 0.13 0.5 8 2
5 14 0.00 0.6 6 2
6 18 0.17 0.2 6 2
4 9 0.23 0.3 9 2
2 13 0.18 0.4 10 2
4 14 0.23 0.7 8 2
5 16 0.03 0.2 8 2
4 14 0.12 0.0 7 2
2 18 0.16 0.2 5 2
5 17 0.13 0.6 10 2
6 18 0.22 0.3 7 2
2 15 0.18 0.1 5 2
7 15 0.08 0.7 7 2
4 14 0.20 0.7 8 2
1 17 0.19 0.4 6 2
2 11 0.12 0.1 9 2
1 9 0.13 0.0 8 2
1 11 0.22 0.4 7 2
2 9 0.01 0.5 6 2
2 12 0.05 0.5 6 2
1 10 0.19 0.7 9 2
2 17 0.21 0.7 9 2
5 14 0.00 0.7 10 2
1 17 0.19 0.7 6 2
1 15 0.05 0.0 10 2
5 10 0.18 0.7 7 2
3 15 0.24 0.6 9 2
5 9 0.18 0.4 5 2
2 15 0.20 0.7 10 2
4 16 0.22 0.6 8 2
7 16 0.19 0.7 8 2
4 16 0.06 0.5 6 2
7 17 0.12 0.6 7 2
4 15 0.05 0.2 8 2
3 11 0.22 0.2 6 2
1 9 0.22 0.4 5 2
5 10 0.20 0.5 10 2
7 12 0.15 0.6 5 2
4 15 0.01 0.7 9 2
5 12 0.03 0.5 10 2
7 16 0.22 0.0 8 2
4 11 0.07 0.1 6 2
6 16 0.20 0.7 8 2
6 14 0.17 0.4 9 2
2 15 0.07 0.0 7 2
3 16 0.14 0.5 5 2
1 10 0.04 0.0 5 2
4 15 0.14 0.3 10 2
5 13 0.19 0.7 5 2
1 9 0.22 0.2 9 2
7 16 0.05 0.0 8 2
6 10 0.10 0.7 9 2
1 13 0.08 0.2 5 2
5 11 0.05 0.4 6 2
7 12 0.06 0.5 9 2
1 11 0.23 0.3 5 2
2 12 0.06 0.3 6 2
2 14 0.03 0.0 7 2
1 16 0.04 0.0 8 2
7 13 0.16 0.7 8 2
7 15 0.20 0.6 7 2
3 17 0.19 0.5 8 2
3 13 0.23 0.4 9 2
6 17 0.13 0.6 8 2
5 17 0.01 0.7 8 2
4 12 0.02 0.6 10 2
5 10 0.15 0.3 8 2
4 13 0.20 0.5 9 2
6 9 0.22 0.0 6 2
6 17 0.11 0.5 10 2
5 13 0.05 0.5 6 2
4 10 0.01 0.2 10 2
7 10 0.20 0.7 6 2
3 16 0.09 0.7 8 2
5 16 0.03 0.7 10 2
4 14 0.06 0.1 6 2
2 18 0.17 0.0 6 2
6 18 0.25 0.0 5 2
7 10 0.12 0.5 8 2
5 13 0.14 0.3 7 2
1 18 0.11 0.3 6 2
5 15 0.10 0.4 10 2
3 9 0.04 0.4 9 2
5 14 0.21 0.6 5 2
1 9 0.04 0.2 9 2
4 16 0.03 0.0 9 2
6 10 0.14 0.5 8 2
3 10 0.15 0.7 10 2
2 11 0.06 0.6 5 2
5 10 0.17 0.5 9 2
4 18 0.22 0.1 7 2
1 13 0.10 0.0 6 2
7 16 0.02 0.1 5 2
3 10 0.08 0.4 6 2
6 13 0.09 0.6 5 2
4 15 0.20 0.5 10 2
3 13 0.07 0.3 8 2
7 16 0.03 0.3 5 2
5 13 0.04 0.2 7 2
3 15 0.05 0.3 9 2
3 10 0.04 0.4 5 2
6 11 0.02 0.2 10 2
6 15 0.17 0.2 6 2
5 11 0.03 0.1 5 2
2 10 0.16 0.6 5 2
3 18 0.18 0.5 6 2
7 16 0.11 0.4 7 2
7 14 0.11 0.4 10 2
2 9 0.04 0.5 7 2
6 10 0.13 0.4 9 2
3 11 0.07 0.3 8 2
4 14 0.22 0.1 5 2
1 18 0.17 0.4 8 2
4 11 0.19 0.0 6 2
7 12 0.21 0.1 7 2
3 13 0.17 0.6 7 2
4 10 0.21 0.0 6 2
1 13 0.21 0.5 8 2
5 18 0.18 0.4 5 2
6 13 0.23 0.3 8 2
2 14 0.04 0.7 7 2
5 13 0.25 0.6 8 2
3 9 0.15 0.5 6 2
6 9 0.07 0.2 5 2
5 10 0.14 0.4 8 2
6 12 0.16 0.3 8 2
2 15 0.09 0.7 5 2
5 12 0.16 0.5 10 2
6 11 0.11 0.2 7 2
6 17 0.16 0.7 9 2
6 14 0.01 0.0 6 2
2 10 0.23 0.4 9 2
4 15 0.12 0.1 8 2
7 18 0.06 0.5 5 2
3 15 0.18 0.2 6 2
1 15 0.22 0.2 5 2
4 9 0.17 0.1 10 2
